10000
7127 7090 8459 1750 1411 5623 6901 9875 4659 8956 
3126 4144 5685 8898 5687 4985 5053 2163 2208 7497 
8118 6915 5994 6332 8327 5 5058 7423 7997 3578 
6951 7508 5546 5972 1168 3185 394 216 7805 8088 
542 770 8984 7601 4056 1363 5687 2691 8545 4437 
5506 1617 8058 5551 7291 4257 9325 9331 7183 7913 
6127 8837 5031 8147 3812 1783 7323 3567 1183 4543 
2276 9110 7317 6810 5980 9644 1661 6825 1701 7888 
8166 4250 7362 7134 8181 3106 3542 5219 3353 5733 
6295 4000 2060 3176 7886 1159 5257 5358 8590 4818 
7669 3919 767 3972 6780 4407 8630 4855 840 8778 
5427 8740 3360 3189 8806 7522 4987 416 7038 2469 
1183 6847 7216 1399 6475 2088 1344 3909 9021 8095 
2111 4912 8368 9612 9538 6356 6982 4174 8106 6629 
9790 7673 5029 2245 1155 9739 6865 3074 1360 973 
5176 1324 4067 3445 3725 6180 3965 4248 417 1872 
2547 6284 9073 3532 1029 6699 8144 2778 6713 6787 
4253 7866 5987 8443 9169 3924 9778 2912 7831 850 
234 3518 4312 795 5401 9850 3026 6586 7816 2444 
8148 157 7377 4218 2776 8249 5464 6719 7758 2891 
4327 8714 5185 8441 9577 7459 6185 6631 2963 2168 
9164 8758 3866 6566 1585 4247 8341 6787 8707 5261 
2128 7304 9838 6800 873 1660 5177 4669 1963 7772 
7424 2427 3317 343 8060 9528 3287 9557 4161 6498 
4616 9655 4309 1938 5030 2233 8424 83 3083 3892 
4836 6529 8536 2257 7986 9660 7601 88 6438 731 
7940 3878 8441 5197 343 349 3905 9162 5118 9909 
2623 7176 534 9552 6964 315 2737 2124 4849 2404 
2926 6673 7738 1242 1236 3178 725 9685 411 6000 
6613 5926 5559 5554 5870 3269 1073 2337 1732 9251 
2036 552 5925 9342 9665 4456 2991 2227 0 6977 
863 1565 7988 2189 2551 3979 2137 1847 7451 5888 
7404 7593 3161 5492 7719 9523 7090 8904 7415 5015 
8473 9239 8332 8112 9223 8488 4173 6851 1641 5583 
2486 6622 2295 6595 7823 1758 177 7946 5946 5165 
8760 5873 8600 9319 5062 2344 3960 9645 7611 8314 
9853 3011 5621 3098 9435 9844 5195 8105 4462 4101 
9830 500 6375 9095 3724 2105 8997 3446 9947 2906 
6459 8046 4527 9835 3075 2638 5472 4806 4847 756 
2987 4478 4951 3672 8858 4736 8644 6261 6979 9141 
3944 1234 3162 4052 4536 5470 5860 2468 1432 650 
9849 8239 1841 320 5348 6467 7697 65 8267 6674 
1679 9949 7046 7193 3241 2875 750 3085 8364 6681 
7411 4977 5247 6301 5401 1924 4477 2233 9056 2248 
3485 5869 2607 6333 5567 3655 7661 6924 9846 821 
5019 7664 6444 5355 4465 1230 518 4112 7364 4789 
6150 4067 7056 9024 503 9067 4568 4057 8392 4636 
471 4024 264 7861 130 969 5546 8837 6684 2459 
7141 2606 325 660 875 7779 1408 8210 6004 7275 
2544 5500 3366 71 2302 9607 9555 9440 8553 1653 
3104 297 1819 9640 7965 1284 5700 5221 5253 4976 
342 9299 7764 9440 268 6642 5616 3607 4167 5640 
949 4624 6934 8086 4065 8442 7665 3002 489 2063 
5474 9134 6550 2166 3473 6141 7808 5135 7243 7062 
4805 2572 5598 713 7525 9279 5716 2766 3085 6797 
7753 485 9775 2674 8298 7431 1194 9567 1676 1868 
1595 5118 9894 1094 9840 6998 8349 4315 3285 8265 
90 832 1341 7691 233 4560 3070 2286 2273 3660 
6809 8488 4251 8140 9764 326 9425 388 4662 9738 
7236 6434 9311 5279 4729 7859 3841 8733 242 6261 
3359 7336 5 8295 4881 8131 7979 8973 4657 9698 
9655 9392 5381 413 5584 530 1401 336 4493 4207 
2264 4255 8940 127 3127 2423 1728 8743 3214 3744 
197 8528 740 2670 176 8143 9718 6215 3687 5283 
7651 9823 2314 9486 5607 271 765 3258 3746 1364 
324 4589 3413 6195 410 7959 5528 2250 333 6616 
9578 6386 4489 4143 3526 4784 351 5213 1407 8987 
7266 3671 9128 40 303 4426 9330 7378 4726 3513 
2211 9029 3385 6802 4783 5369 4128 1248 1606 7707 
7014 3817 234 2903 771 6566 8155 4354 2647 2739 
112 3156 4000 525 2244 6755 5032 504 4971 6634 
4335 3635 432 1064 7088 2771 3229 5653 4802 5899 
2757 1168 5677 4909 3313 4563 3943 5371 4773 9080 
7611 8662 3198 9445 932 7704 6667 8770 9051 5933 
7221 2763 8827 1659 6429 3233 9437 2994 1680 6156 
3477 4334 2889 5275 2072 666 5779 2923 9240 6415 
6873 8581 3438 3339 3357 8738 8691 9868 417 3082 
9643 6395 2389 986 9999 3877 8269 1364 5557 3620 
9486 8992 5165 9213 470 3729 7642 4419 7861 9730 
4236 1177 9451 5375 4502 4004 6800 7759 9505 1822 
8586 4095 92 7527 5550 4443 6942 1798 7670 9429 
3146 4702 4795 5367 9933 8908 4847 4389 9128 9644 
1146 716 9812 4091 5199 104 6550 7814 635 3841 
1345 9458 3593 2548 1251 9541 2404 6160 4189 4514 
1338 4679 5650 4418 4202 1909 3867 5725 1242 2189 
6548 1673 6887 6862 55 937 5577 7444 9587 1766 
306 6395 6632 5179 9492 6927 1586 6890 4828 479 
6976 1132 127 3423 2944 22 7151 3549 5368 9527 
2713 1787 7187 2525 9727 4011 8407 6184 5325 4505 
7295 5654 810 1249 9770 6110 8749 6466 1183 72 
1945 907 7338 7673 7815 209 9608 5692 4767 8418 
395 5852 2562 9092 4186 7982 3398 4551 1801 3003 
1983 8953 8736 8268 6087 616 9114 1246 4026 7458 
1516 724 3136 6488 9088 252 5943 9409 3550 4282 
3565 5643 7494 4032 55 2396 5596 9663 7377 6502 
1056 7911 2243 7753 2936 9450 1371 2403 1549 5983 
5133 3043 5535 2499 9268 3659 3622 6506 35 9395 
3974 562 9005 681 5550 7112 7661 9798 4653 9348 
8211 4669 9377 7136 9916 2109 8461 2566 4541 4214 
6903 5591 43 2648 3515 9687 4105 4854 8255 598 
7279 7226 6997 2954 9332 8978 4854 4456 9593 9896 
257 8177 8161 7439 7808 185 8848 2073 8706 6483 
414 3989 4027 1463 8376 3974 5573 2582 7460 2607 
7152 2693 4783 5931 4253 7573 2085 6217 6419 7923 
93 7684 6092 9162 1214 4704 5264 9862 961 880 
156 2548 3236 4389 1310 1862 824 5569 9951 7874 
1353 7562 8557 1194 1047 4186 1860 3590 773 530 
25 5325 5869 7503 2659 9987 1006 9541 5654 1244 
3028 4616 5677 1087 7523 7465 5203 6246 7279 8301 
9854 3089 618 6698 7193 6746 4363 5754 2365 2675 
3399 6850 6859 6635 8143 7549 6056 3584 3414 3841 
8374 7919 1277 9587 7003 4647 8846 9429 3183 1387 
81 3774 5927 6870 1933 8995 7561 9816 3615 513 
7052 1503 4800 6732 3726 2753 726 5889 2513 8181 
4570 6760 5203 9202 5537 1509 9544 5359 7577 9358 
4726 1210 6913 6231 2813 7892 9174 361 5233 5577 
5878 4289 2181 2125 5299 8564 6182 6210 2182 9936 
481 4182 28 9822 7874 2602 4994 6052 7338 4461 
808 2583 4828 2742 2341 9517 9604 1521 1656 8832 
7028 7776 8310 9343 4637 9875 6820 8783 9846 9027 
498 4718 4012 7816 2066 5784 6375 6442 7012 4706 
9380 2404 8048 2484 2964 5924 4528 2116 3296 3199 
5191 797 263 1794 7777 5551 1510 3588 8152 7807 
3219 9671 7248 9071 8166 3373 2592 5913 8997 2327 
8509 4852 3386 7352 2389 7913 4467 3176 7893 896 
6262 7700 8600 2083 9934 3859 5596 340 2742 9028 
1186 5354 5025 9059 2370 7927 292 6810 7961 3861 
6769 340 8624 4206 945 5213 2746 6315 5580 9989 
5417 1044 6728 6179 9518 887 3084 7686 8251 7572 
4048 6263 7255 8580 3187 2010 1277 8057 7928 7939 
9281 7825 7742 5158 1121 6756 2795 886 8867 7885 
9988 9999 4177 3894 4092 6256 8365 7451 294 1871 
6866 7873 200 7537 9034 543 4558 3153 7046 7082 
8808 7629 1917 8479 8370 3952 915 5786 1854 9977 
1877 6371 2671 5419 6063 9048 2772 2606 4314 9237 
6112 4580 2661 6976 4946 5573 3359 3265 8166 3819 
4111 6878 4903 9002 608 613 3919 7783 7500 4739 
9196 8201 9475 1858 6177 2077 5256 8046 902 3411 
3064 5544 6605 9110 5624 3748 339 489 2443 1101 
6510 9741 3277 7545 3033 7295 9070 8775 441 446 
5326 4228 9419 314 9377 3709 3277 3464 5472 574 
5669 1778 9324 3977 450 2171 1055 8931 8237 7952 
465 5192 8491 5962 2003 2126 5874 1953 3452 1079 
1317 1626 6494 7953 974 7680 8356 7384 5688 1153 
2203 3019 9030 3023 5689 9067 8898 2087 1214 9919 
5686 9726 3158 4453 7681 8215 8711 947 2359 8194 
5806 7979 3463 9263 2160 45 9402 5231 6687 4247 
7285 4219 2844 1464 2779 4222 2580 8274 6579 653 
7416 9901 8817 5464 9117 8584 4115 7736 1292 4938 
7402 7 8582 3783 3523 6352 9080 2270 1889 1787 
4679 9583 1753 3275 4521 3386 5754 6915 9984 9202 
9415 2226 5475 3041 754 5808 9514 2213 4950 7136 
6246 8584 7505 4373 6442 3949 8444 6833 6634 4534 
3913 585 3663 7379 5416 6212 4388 5540 4981 1138 
1201 8656 6898 5513 3473 6718 8861 5115 5074 8352 
4173 2419 8248 1728 9326 3262 7326 4323 1319 8743 
8986 7018 724 8571 1772 9671 7333 3019 3171 3388 
7202 5311 2988 6687 9721 5303 8296 1706 4102 9949 
4152 5566 8478 6999 344 3016 1303 5112 6245 4252 
4439 1862 5020 206 4696 6982 7825 8063 3765 5139 
6456 7524 5156 9342 8516 9651 7296 1487 5306 6567 
9874 3546 7137 1874 2059 8205 1864 2066 1072 3126 
99 3532 9378 8033 5172 53 6440 5022 9058 752 
588 6609 1113 6241 1536 2643 4029 8256 6859 8022 
1500 9178 2003 3350 8304 8721 4056 1211 4269 9635 
7691 3051 8989 408 1577 5164 6165 2132 1912 2247 
3444 1725 8445 6088 2296 5095 1352 4418 1148 2043 
9757 8240 5330 7878 927 9926 2233 1550 7626 4629 
7419 287 6973 4141 9366 3523 4675 9309 7925 9024 
9645 406 5722 8170 3965 669 1802 8010 1969 6159 
5445 2247 9451 4688 5408 3393 7737 6364 7681 5165 
8949 686 5526 3737 5259 6878 35 4801 1218 9477 
2166 1146 7481 3853 8968 6412 64 2340 1603 7277 
9792 8303 8907 8520 216 9786 1546 381 4293 9757 
4123 2866 5037 2619 962 727 8056 244 935 9110 
8523 9722 2221 4617 6866 7793 819 5238 7849 6352 
9671 4150 3544 3556 1506 4979 3913 195 1716 1519 
2615 9645 348 9425 7013 5695 3971 9323 5367 5746 
8422 7559 5393 7472 2655 9711 7451 1319 5231 4924 
3837 3061 2746 4679 2573 9795 4638 8219 6642 8351 
6881 8635 7396 7713 3015 671 434 1807 3885 6570 
1887 9228 2389 5687 5049 4667 2942 8242 6552 2865 
3359 947 656 8024 5983 9796 8915 6112 7444 6420 
6982 1233 8231 6244 7918 6091 2672 2319 7 2286 
9076 7991 2929 8373 7175 826 8791 6093 5407 6948 
6221 1412 2807 9741 8597 4749 2252 3347 734 2080 
4056 546 6954 4669 3912 8496 8379 2449 3388 4470 
2425 6049 1931 9608 5234 6355 4321 6117 1407 9453 
9110 6153 7870 917 8699 5632 5121 9223 9252 3542 
8707 9093 7372 8394 7266 1096 6410 6753 8686 8277 
7135 3590 5356 3259 3512 1455 5399 9289 1814 6523 
1780 3693 9751 6327 6272 9670 7584 8736 2376 2635 
7098 2242 4596 5060 119 9791 3394 9206 9551 5180 
7179 6669 1787 2869 5363 5265 2413 4561 3986 7003 
8826 432 778 5425 5525 8016 2181 1949 2346 3215 
9277 5868 211 9547 7367 2114 5130 181 7837 8122 
5084 485 4774 4107 8342 5462 5764 1815 2239 3074 
4569 7869 7890 2440 2455 3486 3590 7929 9619 5532 
5355 9219 533 303 1428 6213 6895 6593 219 2529 
9559 8745 7125 4255 5619 1877 5524 7998 5168 6432 
8819 7013 6687 4803 7969 6312 4413 4407 7885 150 
3661 1385 3578 1519 4692 4983 6767 435 4400 4071 
2270 438 5958 566 9822 7695 4583 7837 4424 624 
9614 8944 6971 4896 5496 1937 4972 883 6896 3329 
2157 3499 4775 6631 4616 2776 6685 1977 7017 4347 
7646 6518 502 1352 9308 2134 9243 3418 7604 6745 
6886 8128 784 892 9724 9557 5337 1515 7750 5197 
102 288 699 5915 2597 6041 3771 6208 2789 3384 
4438 9343 4750 7220 2487 3675 7501 5916 3072 3281 
5232 3900 8515 2194 6058 4312 9786 3849 8228 7685 
9651 7531 3041 5591 2396 7692 972 6693 7575 9245 
79 3961 9114 5715 5458 1603 8518 5860 207 3293 
4401 8827 2798 857 2722 6619 7362 8935 6168 4255 
4399 1587 4744 8240 5094 3403 4370 3488 9598 6670 
2799 227 7617 9039 5832 3821 6448 5689 5078 5766 
1204 6652 7105 4922 5410 5286 2919 7182 4538 8174 
1308 5069 5036 505 6760 8256 2760 9695 9890 3196 
593 5175 7479 4324 5516 9695 8726 9551 571 1400 
9371 101 6016 2430 8022 6948 528 8550 9527 2719 
6711 6224 3337 4261 4369 203 1896 5055 6396 8535 
336 8067 2600 8454 8227 1446 9527 6172 2919 3231 
7287 4086 250 1430 7609 5975 4226 6731 5485 6365 
3238 5442 4396 1377 7906 2620 3025 381 8795 7922 
4853 985 4128 154 7927 8878 1448 5372 5252 1131 
2990 7278 7992 7718 9254 4444 4673 2634 891 3651 
7051 5422 9446 9628 7838 1143 7869 9046 8017 6020 
630 7036 6457 8422 7142 5126 1010 9027 7194 4747 
5176 5744 9265 6355 2530 8779 8996 9675 3388 795 
6003 6514 4064 6735 6238 1440 8929 51 8044 9239 
4003 2786 715 1857 7066 6981 9957 8521 2477 4345 
9628 3541 2630 9262 4690 6401 3306 5003 4359 2951 
8128 9263 2015 1402 3983 3059 9887 3475 4632 3868 
5956 5010 8477 1036 6577 6982 3404 1687 243 791 
5485 8083 7426 5136 9380 4137 1302 619 2466 1033 
1987 5813 222 6586 8947 304 8044 3166 8511 6791 
3176 1891 1306 636 1745 3062 4841 7293 8197 8067 
9267 7542 3188 4823 2545 4112 3923 1910 6337 7062 
8448 5289 5293 9912 9325 2959 5235 2072 2923 7364 
4049 2258 9989 3775 6944 7129 8261 565 9050 6940 
3142 875 9896 1384 248 1688 6348 8951 6938 57 
1575 2342 8295 111 9513 612 8239 8547 163 8742 
8289 8921 1578 6551 1682 6322 3867 8957 8156 6443 
8421 3959 9238 979 615 754 876 2730 2087 5035 
4731 1493 572 463 1227 398 1465 797 5753 9913 
1207 3245 1936 4161 2365 3947 8148 6688 2431 9627 
5530 9517 6704 9664 6823 4096 7253 5752 100 4657 
4871 7855 9019 6799 4532 6964 2448 4588 6659 4952 
6719 7333 259 6130 5150 9280 4255 880 2574 846 
2047 7017 3300 3440 1166 3693 14 4021 3556 6477 
628 8433 688 8151 9997 42 8771 890 8331 5068 
3675 6024 7300 5757 298 3673 4830 7594 2147 3596 
5110 9519 3457 2969 3980 6902 8836 5570 8415 7591 
4073 1095 97 7630 8324 6456 454 7323 6061 181 
8062 7282 2372 5394 8413 5698 7170 7702 4084 6339 
7693 2211 9853 3848 5016 6288 9736 7909 3829 6513 
8493 618 3864 2744 525 8189 3177 8613 1290 677 
9621 5017 7615 978 6674 4680 7037 9547 8285 8701 
9460 9311 9906 9623 9146 1229 7783 3649 8235 287 
7462 8720 8589 8257 2533 6181 1550 6688 7475 8946 
8892 237 289 5401 8417 7440 4698 656 9370 3337 
4545 1441 8530 3650 9574 6030 1183 3713 8404 1202 
9785 7914 9322 2050 1010 5408 3203 9618 5047 5564 
6037 8868 2289 7158 4147 6699 8344 7104 9935 1053 
2789 3939 3776 5783 2354 2337 1883 2747 1281 105 
2545 4901 5558 4824 7605 1019 7633 7085 8520 7234 
8124 7653 4931 3133 4733 4805 9056 4001 4584 2086 
5190 8068 1429 763 3743 4467 5465 4606 8263 6227 
1060 9800 1539 8015 3574 4799 2172 5552 6238 8681 
9831 9595 8321 6735 6482 8963 7891 5293 7868 800 
8006 3814 9330 4648 5148 1941 8434 9849 8026 8430 
3726 440 5739 1138 8766 2772 4829 7778 1330 1908 
6701 5402 3267 8383 3658 5775 5285 3498 6696 8755 
7836 1899 6692 2741 567 9165 223 9622 6749 7500 
3753 7141 8834 4048 5835 7037 8294 935 6240 340 
9707 5739 1697 8884 7378 1747 7468 6439 8945 596 
7872 9851 7650 2520 3560 4101 2426 2183 3569 1617 
6228 3346 8122 136 7306 7695 9543 5130 1375 5005 
8322 7483 3372 9785 8895 6490 1174 314 5497 8204 
2392 6919 7230 6056 3379 3401 2453 6699 6238 3371 
5847 8395 939 7661 1521 9353 4455 7975 3300 8720 
733 5515 5095 6698 8745 7219 9546 4289 84 3002 
2263 4146 7873 6406 8759 6846 2978 339 9951 2203 
7400 7675 7157 4664 8181 5313 5266 7261 5871 9646 
1142 3296 4 3538 7907 6052 645 8940 6807 4460 
560 4309 8729 4558 398 9446 1663 4658 7813 538 
4842 8409 8843 9070 5391 891 6520 4756 9042 8729 
4230 1799 8593 4689 4488 6601 1354 7279 9540 40 
2218 7328 4350 7760 3011 1842 8739 4090 6489 392 
7343 9873 8714 3962 8395 725 5288 3881 5334 1368 
6740 9807 6335 518 4536 9141 7180 4259 8656 4750 
1578 8332 4614 3233 6962 6367 4042 8516 4724 1142 
26 3395 8115 5086 1507 7040 653 54 964 2821 
8533 2259 6172 6885 7358 6320 6544 3248 6934 3555 
9130 3925 2412 2171 5440 9025 6608 4645 5680 9318 
8070 4814 5638 5992 1335 8643 6426 9968 9908 8420 
6569 7091 8839 8247 7438 9917 8952 5368 4316 7591 
2840 7678 7819 7576 4622 2105 2844 9943 2876 4007 
2843 9262 333 5495 9792 2490 4733 7845 6978 6031 
5829 179 1225 361 705 1768 574 621 1856 1010 
3873 8461 8040 24 9926 3243 819 5466 286 565 
1289 3354 5245 3774 9932 9027 6605 974 1258 1751 
3375 4095 1139 40 7641 9272 2983 5612 9024 5687 
5082 9907 9731 1399 5160 4164 2001 2114 351 195 
7705 1151 6653 335 588 1260 3591 1625 465 7687 
178 8015 7541 4374 1106 1637 4876 6662 5629 8517 
8873 2129 6891 2126 4309 2009 3069 984 7920 1025 
7095 7143 3425 1306 1466 6877 7115 7754 8722 474 
5727 3258 2297 7535 9240 2118 439 6193 3959 999 
759 2424 3771 9533 7751 423 6140 3046 5131 5494 
4325 348 5438 666 9564 5370 4886 9959 1023 2110 
6002 7276 8140 1642 2179 4300 5276 8805 7525 5085 
8606 3183 9497 1305 6700 6337 6976 2546 7196 7842 
6198 7043 869 4999 56 5809 7356 5954 3107 7472 
6890 9755 1947 8290 1579 9020 5300 2362 6294 5717 
5137 1695 1364 4160 471 6924 1887 9232 2172 6372 
9960 8370 1922 6498 5317 2278 6586 3903 9509 8391 
4886 2173 9442 3204 2496 5552 978 4467 4096 6924 
8409 7852 7534 682 6878 8017 1396 3476 728 7533 
8831 7119 8901 3978 450 6009 3576 125 1623 168 
9773 7916 4835 3410 905 335 6725 1899 3267 7876 
9883 4456 8792 1037 9568 1122 3152 5876 7718 3878 
9883 7166 3548 3882 999 3949 1036 202 9058 1264 
1732 3248 5062 6693 2670 7762 645 2111 2382 1621 
8290 6946 6248 7856 1626 2203 6652 3563 877 3517 
8927 4678 541 5830 1047 2566 546 1680 3139 9962 
6023 9523 7188 1468 1972 7352 7659 4883 5929 9016 
3441 6820 4900 8722 333 4169 8816 2748 7669 1626 
1706 625 1941 7336 8912 8729 3061 7465 8409 9846 
3386 1293 4139 2170 2155 1839 445 6358 782 3063 
9433 5054 4879 9388 6077 1016 8156 2887 7439 579 
9696 4946 939 9284 266 4479 8842 3723 9129 6406 
288 3668 1270 1350 7842 2537 3118 9437 2755 133 
2907 9059 8826 6804 3134 448 2065 1207 8779 5037 
8427 9843 2832 3960 9155 4105 4819 9697 1182 5152 
7496 2641 2013 6925 5276 7675 1633 421 3745 475 
474 1129 8101 3178 9438 1120 129 20 6995 3043 
8044 5440 6441 5570 618 1310 7319 6068 3364 8784 
8800 5323 9685 5039 1121 5126 1518 1886 5451 9248 
8950 2907 5943 294 6482 4978 1723 2213 269 5084 
1767 3521 1028 5876 7340 8819 4081 762 1770 826 
2289 1697 8356 2786 3412 7587 3731 6018 6465 3876 
9635 2783 6339 5459 766 7614 4084 6925 3683 215 
1957 5036 9475 5189 6903 6829 4136 3098 6905 9903 
2690 7887 4430 7031 5135 7448 8234 2737 6741 5494 
4745 9521 1039 7655 7660 5815 1523 5400 4977 7728 
9852 6426 5597 3785 9785 2866 4265 8255 6897 3995 
8695 3058 2449 7094 9231 4248 1683 9649 2234 8525 
5324 7062 7514 4424 4003 954 9524 3705 745 1526 
9451 5519 4297 1794 5306 1126 7758 6861 2526 8237 
3019 7369 4894 5286 139 4100 1656 3142 7878 4321 
633 9660 4812 8597 9560 3759 4369 2717 4143 6815 
5925 8124 2695 9758 303 6675 9808 632 7029 5065 
8362 5820 4971 2522 3858 8479 5989 9484 1548 8358 
1147 7340 5306 3201 3400 4551 2374 968 4718 4293 
4738 5101 6619 9295 2249 5696 7600 8289 8929 2353 
2835 5195 6336 7392 291 9457 5992 6657 6547 2403 
7281 2780 694 3191 9057 3616 1013 2609 5962 9863 
2639 9012 1904 1701 1342 5203 8645 6746 3570 2288 
4563 4743 6828 502 7286 6301 2713 6530 2868 1473 
6105 9644 8089 683 2955 7652 3507 9854 2631 6743 
262 4642 7511 5104 4653 9437 1619 1547 9423 9280 
5639 1077 4650 7741 3363 7391 4654 7783 0 5841 
5576 4338 7002 972 5977 7881 2814 4504 9843 5310 
4129 2012 5312 8700 3978 8891 9710 2136 5949 1771 
1739 7222 5893 1650 5273 9672 4061 6505 9406 2657 
332 9010 5898 1464 7115 7302 5494 1624 1459 6311 
2374 756 2584 7524 1018 5960 8396 6843 8999 7898 
7153 6536 1997 2719 4047 5724 1060 7067 7486 6665 
7352 3504 689 9754 9278 4455 9055 5039 8610 4797 
9183 4757 3999 9220 8271 6676 2969 4651 6561 5075 
2811 2600 4227 8502 5960 5665 3577 9255 9360 5594 
4266 3219 7073 1496 2963 8731 1687 8532 5483 4186 
4642 3516 9285 9526 6242 5715 2763 7312 9618 9944 
5358 9462 3870 869 2167 5448 2114 3886 7160 8023 
3536 7561 3812 9113 1885 3949 3015 4250 2761 1714 
5315 860 1626 6184 1513 6735 1332 4324 6144 2811 
1031 1749 8389 6986 6004 2709 768 467 8333 3003 
2558 8961 9097 6877 3648 4162 1584 8754 8272 651 
5529 4341 2395 6153 30 9734 9311 4146 3304 6491 
322 7690 6189 2308 1884 3906 9378 7596 1523 1306 
9102 9787 1345 6471 2590 585 468 5136 5534 476 
2865 8082 5242 6850 4118 1412 753 6378 6603 9588 
5619 4909 7684 4000 3735 4362 7286 4353 7500 6927 
8771 8802 2266 5188 900 6510 9811 1505 3666 3111 
5403 751 8608 5363 3729 8700 4409 9745 5337 7416 
5681 6026 9816 3069 6923 2370 3163 1003 6007 3869 
8084 9473 1781 8798 1043 3432 5595 2827 2061 7449 
1550 4476 7611 5631 3504 1539 273 3927 8407 7589 
9513 3220 7334 9958 9611 5007 2314 1139 7436 7851 
8979 2537 8401 9654 9325 9635 9102 9164 5722 4608 
8191 9654 1918 3 5297 4528 9622 8628 9774 7719 
7861 7092 6388 6497 6669 3774 6977 5303 9222 9064 
8061 6925 8367 1177 7172 8819 7758 420 7247 5124 
9381 1827 1053 7915 707 5823 1763 4341 6868 3195 
9197 9617 9175 321 1088 8084 4698 3060 2846 90 
1299 2597 1476 7431 4205 8896 8387 1227 4429 9334 
6937 3267 4689 7270 3260 5756 6788 581 6387 6131 
9648 2637 5073 440 400 2529 4079 8849 5745 9886 
2372 8315 6613 7676 6115 7291 8483 2068 2354 8450 
4590 13 7058 2911 1424 3695 7600 3246 3059 3672 
9063 6846 8477 7580 2815 5968 9813 8999 5014 1292 
6966 9150 7657 5086 1823 3268 1744 1597 5092 9944 
9731 8476 5396 5260 4941 3130 8408 368 8268 8900 
1925 7773 8993 5482 1902 1838 3434 5166 7210 2840 
9977 2792 6269 9962 8673 5959 6229 4943 2989 4515 
996 2640 925 3230 8004 9783 7805 2185 3020 2847 
6068 3826 606 6103 7542 8890 5962 7397 1254 6917 
6786 4471 1820 6667 1659 1028 8815 9787 2925 8321 
1615 927 6791 4944 8449 4443 6754 3779 6696 5791 
1040 8622 7132 4956 9057 2219 5322 3779 8530 8854 
8088 8729 8962 297 9315 5815 5202 7426 4199 3453 
9817 4447 1114 1415 2945 2364 3845 9703 1858 4724 
8128 6066 4984 8579 7241 7687 1379 4412 4401 8361 
5803 4774 3811 3822 2158 4833 5058 2417 8424 5975 
2174 5042 5054 5021 978 1564 3799 9480 2845 7927 
119 7309 2699 132 8168 801 863 9622 8888 2767 
1791 2896 9082 248 7996 8425 681 9316 3821 9148 
4208 9158 9799 9964 9615 3086 9643 8261 5355 7704 
5212 2990 7397 2402 8699 2234 9157 187 3777 5357 
7619 3527 1016 2716 33 7199 6998 6509 4328 2005 
7895 3870 4590 6837 4374 8097 5121 7351 9817 1253 
5299 3584 6486 8672 2626 8744 4581 8216 994 3943 
419 4257 3849 7881 8479 4608 5446 6961 3990 6622 
6111 2137 6534 3129 8838 151 288 3060 4344 4667 
8015 6159 9634 7461 5216 1889 8160 4611 9133 673 
7171 7592 7642 213 3101 5352 618 1089 5740 8704 
8910 625 5089 4755 8732 7122 4461 383 3321 8858 
583 607 3651 7352 6012 9833 7629 4278 9923 3974 
375 1195 3324 9442 7657 3453 5412 5257 5036 867 
4039 6498 8661 8169 8403 952 3759 1837 517 9203 
3156 3126 563 9142 3271 9572 2869 4561 6849 3138 
4704 9926 535 440 3777 3817 4692 9741 3138 3712 
9592 6250 9004 4922 9100 5914 3001 2636 1377 1709 
1156 2918 5109 2460 9024 9604 2593 3878 2418 6945 
5905 729 5483 3542 6912 717 294 32 4480 810 
1371 464 5603 3097 2557 7900 6218 1416 6310 3650 
7111 3927 8493 1756 2768 2336 8593 5327 4499 7876 
8629 525 6224 96 7560 7179 2472 9230 6495 1901 
1104 2183 5490 4925 1570 9478 8928 9739 4768 7288 
4159 9886 1669 9728 8676 3161 6330 4647 7707 6041 
4018 3920 8132 2410 1683 2073 5418 6984 9617 3822 
833 9459 8441 7512 380 9325 199 9699 1160 8445 
2308 8269 8456 2230 8239 857 5405 9169 6311 6308 
2994 3718 7378 6063 7858 8138 8269 4234 4854 7954 
9105 2914 4415 2854 2606 6914 6780 113 6903 9749 
1641 3941 3401 6683 1988 2955 297 1273 3805 6040 
1065 9819 8633 4875 4391 4981 7491 7906 4579 71 
3264 9965 378 7118 1853 9530 8179 1687 2951 4735 
5110 9871 2935 6807 5700 2566 5000 1315 8103 9539 
7414 674 9815 432 3957 3739 4101 4469 2315 7735 
760 6594 6955 2828 7041 8694 4255 5331 3549 1149 
2529 8411 4936 6791 8854 4631 5256 5955 9703 818 
1245 4442 3518 8339 5826 9048 1674 6219 9168 1332 
7214 8347 1936 4753 5676 6787 1867 4446 1593 4309 
8144 4216 9581 3576 560 7535 6906 8873 874 1013 
1975 4747 7166 6035 3480 8127 9568 2406 3259 3919 
4331 4950 4593 5348 8192 1096 518 2983 1530 7401 
1808 6228 8910 5674 6208 2043 2596 3036 1800 2049 
1468 4209 6522 675 9264 5298 9656 7018 5669 1838 
6045 3546 92 1183 1814 6292 4571 2249 3631 2060 
883 4636 4694 4404 3149 5449 7214 1703 1174 1442 
5731 2723 4229 8793 9236 4973 3797 7338 5426 3432 
9027 1205 9235 5424 1414 8787 3379 6225 5749 1466 
2248 37 1545 4827 3473 7722 5185 1609 2043 7713 
3900 3908 9855 819 3895 1571 186 9150 6370 9696 
5450 3037 9201 9614 1618 102 4220 5445 8027 1053 
8019 814 8056 8678 850 4650 5604 280 5741 8252 
5546 9980 1816 2807 5120 1685 3910 6914 3920 6057 
1692 5001 9044 9581 6640 5213 4558 4064 2451 3739 
7058 9390 9593 4489 4641 420 5105 1261 7763 2387 
3269 1608 479 6205 9424 2543 9002 7645 1270 2939 
5818 755 2085 9670 4725 7853 38 7414 3979 833 
1152 7543 1101 8582 9161 6832 152 8611 9690 8215 
1826 2015 8110 5600 1664 7448 8934 3600 1473 1135 
8780 8705 3867 3952 98 3326 3280 4495 6343 3838 
3980 7534 7285 2013 9982 8395 9946 9702 8992 6086 
5232 9229 421 4768 2123 6568 3631 6544 6815 958 
2282 1679 6412 1688 6616 915 9047 8836 2953 5416 
5526 152 5798 1434 8471 2243 1051 4160 237 2671 
8847 7170 5080 2675 3617 7147 6689 3685 8176 937 
9167 3164 6775 1617 3720 6276 4660 4032 6712 3883 
2212 236 9911 168 2988 9114 4858 7259 2358 7704 
1320 4463 7430 714 3447 7564 4104 7378 1587 3242 
3513 6472 7498 2944 78 6745 6903 2538 68 716 
1432 9656 5573 7792 2718 5187 6420 2097 7154 3642 
3477 7753 9054 3563 5644 211 5919 3918 944 1306 
5893 9451 9676 9248 4276 8460 2642 1932 9482 604 
5820 6843 8781 5519 9712 8678 4816 9003 7375 5924 
5906 5300 8347 9862 3780 1830 3155 9536 3093 27 
2620 1384 9756 9116 9309 4791 9824 708 7799 3532 
471 7089 8591 3648 1450 9859 6282 1684 5281 4055 
4116 278 7888 1229 7644 2179 1181 1876 4848 7526 
349 8696 8656 6126 8187 2818 9986 1758 2516 622 
2449 4078 6162 4410 3314 4751 2418 698 8662 6188 
6516 4040 3717 9852 5615 5656 7773 867 526 3802 
2534 9128 3579 5785 8785 2674 6678 912 7437 955 
4083 9596 8933 935 7501 8509 3913 4877 3226 2342 
8120 2228 4941 4164 7495 4377 2898 7931 7360 6636 
7514 7579 1994 9035 9043 2321 6081 3462 2354 2394 
4914 9010 9040 9731 9910 6409 7583 413 6632 4926 
935 44 6612 1934 8129 1374 3469 3986 15 3160 
9691 1057 5445 1019 9872 2 2009 5270 2246 592 
1667 4933 3334 4646 2880 9255 903 1833 937 1598 
482 5221 1131 7056 3582 1344 9267 4106 1468 4682 
2200 9763 8049 9398 9108 1630 9547 9186 9520 4570 
4962 8770 4444 6820 2269 444 3560 6844 7614 8508 
8481 1445 2171 4167 8683 8741 3994 3580 903 2972 
6216 6310 2226 3186 3222 2303 2523 6889 1328 4575 
5598 6130 8347 8658 1649 4683 9707 8135 7034 182 
9950 9908 7915 2948 729 4135 8187 7328 2941 3352 
4946 825 4004 9818 7249 2055 4046 3168 3868 8271 
803 4028 1381 145 5476 9858 8806 7711 83 332 
811 1528 8251 9815 8825 1474 3086 1002 5807 69 
7961 6470 5720 7540 54 3369 7033 3207 109 8829 
2509 52 4215 7933 6891 909 2242 4184 5712 4802 
3786 3086 5071 6711 4218 4535 6898 8240 6654 7267 
7163 4392 2532 5148 8331 7697 4863 2216 8206 9158 
7496 3242 9554 5645 7409 2840 8674 5464 6807 6679 
8163 2826 8452 7458 6394 3831 509 3626 5527 3892 
5439 5991 2963 1869 5249 205 3617 2165 8550 4842 
836 7144 2913 4475 3213 3981 2741 3982 5295 231 
2280 2578 9746 7803 6452 5691 3647 1739 1402 1186 
2078 5169 4211 3977 8922 7415 9492 2700 8654 1635 
2413 9091 9279 4257 2878 4692 2293 4504 6854 7973 
1542 7294 9578 7311 4577 1783 1343 3694 5412 7289 
8468 5653 7771 7067 686 7406 4246 8251 8657 591 
6293 3119 2952 1864 8866 1444 2098 745 8939 9378 
5481 8033 6827 6897 2432 673 5637 3476 9560 7999 
5228 595 3663 3686 8689 6214 9414 1306 2633 5261 
1869 6697 7690 2990 7709 7037 5107 3606 5969 4110 
5061 9712 2754 5605 1362 2307 8254 4988 1345 9157 
7556 5504 9194 6366 7439 1736 4068 7159 957 3360 
89 3297 794 7102 8450 6626 846 6949 612 7611 
1455 9544 8007 5605 244 7478 4767 7241 3720 1907 
9497 1918 8647 1224 8564 3117 2504 9953 1929 1505 
903 2372 4184 5643 2350 4514 3040 6369 1375 3877 
9819 2758 1953 3209 724 4421 7812 8215 5974 6599 
4450 5084 386 2964 1653 2585 9404 4934 9775 9988 
3059 3737 7002 251 6603 3774 7916 6648 9305 6079 
7606 5072 9802 1053 1609 3046 368 9493 8774 797 
282 2465 5761 4186 2687 3946 1137 2552 2663 3819 
2807 676 454 1649 7880 8521 8086 7759 9384 390 
5840 6830 453 2379 6054 8978 6205 5091 1392 8807 
7693 5403 289 3418 1160 8433 4069 3236 8496 5656 
1177 945 8883 3975 5223 3471 5301 5777 8413 8178 
902 9215 7577 2740 1344 9065 4355 4490 6320 965 
1543 8593 734 5462 8557 5463 4618 6885 919 4999 
6405 5677 5446 4844 9529 1472 778 7830 4486 487 
3252 9627 9083 8279 8697 2516 7917 6639 9493 7400 
1526 6030 4233 7015 397 4545 2404 4508 7885 3786 
2665 4086 3301 1516 3522 5792 2268 6691 4433 6635 
7839 145 3471 4925 9977 4402 4819 1139 8894 1585 
7248 1330 1459 5891 3819 2635 6589 4177 1240 4925 
5220 1476 1696 5493 3924 6729 5073 7136 6273 4196 
6226 9169 9572 6832 9425 7133 2630 8436 4284 3620 
4999 3970 3352 4458 6155 7209 9953 419 4659 6138 
4270 606 3988 247 9760 5048 8005 4423 631 7281 
5610 4615 673 2620 9144 5371 5008 1455 2101 4289 
6823 9835 3517 5974 9233 1845 9491 1442 2957 4131 
9762 7439 3450 5746 3743 2119 1595 4788 5150 7579 
1240 3335 157 8224 4929 2880 8304 5171 7487 4951 
8250 2093 6856 9548 7124 402 2030 3031 3774 1028 
3942 45 2911 9924 5040 9070 7403 6968 1527 1324 
3136 7560 3287 7990 6684 8099 9766 1906 8831 9263 
3585 6953 217 8157 6884 395 8128 6410 581 7428 
9327 4017 269 7063 4990 2414 8996 8598 5498 4462 
7288 3364 7138 8051 9274 4417 5853 884 7893 6165 
8347 8784 1355 7416 6790 7987 8206 8765 3460 9809 
9192 5935 6044 8319 9416 8004 7043 1121 2618 798 
9810 7406 8561 8704 4118 5295 2819 5470 323 9015 
6033 7997 5061 3837 5458 1385 1525 3524 9979 9989 
3061 587 1981 4941 9928 880 202 2024 4065 32 
4613 2170 9142 6298 5590 6725 2608 4705 5959 7119 
5938 9616 3407 3598 9652 2376 6472 2208 1867 2500 
2766 5080 4678 2174 5942 9250 3496 1882 3096 4440 
2237 6608 715 9677 5418 4487 5084 4822 6854 125 
682 2553 1455 259 6674 8381 3370 2885 4562 993 
5851 4583 555 9481 2877 747 2696 98 9278 8336 
9781 8615 4250 1220 654 7260 6387 3593 2662 4936 
9034 6758 9105 6047 8508 580 462 845 4220 6857 
9876 4815 3625 2610 9031 2956 1628 9944 9911 3041 
8128 2821 982 7145 2669 145 6692 9435 2419 341 
6249 7661 5856 6752 2478 199 9183 5223 2472 5586 
9245 6807 2 3744 5737 6823 9477 6901 5015 2777 
5047 3634 4272 4335 9774 3218 4906 1226 7151 5438 
3440 2029 9528 107 5934 3856 1541 9283 6651 3585 
6867 4817 2306 6932 511 1334 7055 6907 8250 3736 
323 1777 2428 8394 7876 497 5041 7623 9061 2276 
5028 4104 7245 8694 2823 389 8822 8970 4764 2328 
9764 4532 6835 909 8783 3764 7153 1109 5695 8099 
4457 74 6660 4469 8042 4621 9759 7534 5012 523 
7729 3090 6327 5774 6190 3093 2155 6816 5788 7473 
8870 2314 1534 4277 8141 1914 6712 7706 8427 4755 
7582 3073 3207 1022 1501 1656 372 783 7398 7852 
7162 2530 9843 1017 3341 1156 2439 6428 311 878 
9414 7449 903 2380 9805 8280 85 6348 2144 3627 
6032 5346 1423 6154 710 6505 2516 95 2736 3059 
2955 6318 1976 1361 7902 8380 9543 7214 8060 2849 
2447 9653 7750 8743 8930 5460 6406 1842 1918 2712 
4460 7738 4069 5000 1206 7075 4141 5069 2970 8926 
5168 6222 2596 7784 5777 6971 1351 752 5788 144 
850 5094 4520 2825 9072 1151 6045 8084 5659 8245 
6668 161 6975 7307 9631 390 3575 2334 3213 4176 
3366 3192 5930 5956 7011 2382 7289 9572 3458 1544 
8927 6189 1483 2561 1910 4524 2138 3444 9482 1393 
4210 2070 9603 5676 8318 179 5792 8915 1910 7057 
8412 1749 7338 3825 1872 4697 1342 3940 5285 8704 
8114 281 6452 5898 2621 9700 6156 4388 7029 9643 
1150 3486 8318 2762 2217 6971 2749 6182 3293 4610 
2455 2687 3646 5025 1211 254 55 8913 7256 638 
2536 2612 956 3415 6142 7163 8523 1173 7294 8020 
9624 8007 8685 9921 7059 531 3551 20 3951 9415 
26 2950 2687 2475 9190 3367 9708 9346 1875 5311 
3477 7024 5447 8675 6756 6245 9971 8052 3913 2998 
7264 2081 5829 6333 7099 9196 4757 6295 1643 1498 
9657 2299 5691 2580 9024 6331 6360 4859 3298 755 
9512 1320 7530 4622 8229 5777 6669 2791 3957 9368 
523 8573 6903 6893 7553 3616 6364 9092 2969 1112 
2304 7601 1503 6854 5076 3216 9360 4401 3289 9441 
2769 6706 5578 9776 3353 9308 8982 691 2572 9346 
6745 1468 5717 2445 2247 1102 1280 8965 6884 8941 
5473 8844 4371 4142 4772 9626 7320 2366 2354 2851 
2556 2302 3548 7253 5213 1659 8 9166 1391 4508 
3141 826 2372 3636 6908 7193 4419 1960 3653 4047 
2663 4507 2563 2774 8647 1252 797 3854 4061 9041 
1546 5540 4390 165 3608 912 2325 9388 1657 8168 
1844 2016 4315 5954 5400 2180 8995 1719 8831 8477 
3445 1971 6953 4337 4002 2745 608 183 8174 3380 
4246 9118 6108 2488 5369 3242 3001 2646 1798 2633 
9714 6686 6759 7731 6787 6319 1066 7440 3949 1690 
5264 6691 4179 6997 7485 3188 338 7211 2211 4844 
7578 2048 2422 1209 5597 8706 9052 5489 5090 7116 
4083 7508 9782 8772 5342 4746 4481 1556 5214 2347 
9776 454 9961 5085 3013 7848 9465 1512 9111 8494 
2995 5302 4582 4855 5586 8774 2287 6296 1281 7951 
3064 4805 3058 3698 4410 1678 2541 6584 2632 4630 
9111 714 9856 9534 4014 2944 3100 96 4623 1073 
7781 4728 4757 8857 6886 9981 6207 8280 8328 5965 
6348 8519 5439 7062 8965 5782 5232 3089 6487 6465 
5917 3368 5003 4369 9775 7576 244 8862 8575 386 
9925 8514 2369 5132 6460 7545 9549 7173 1919 2533 
1419 7221 4321 8302 6842 4834 4625 3558 2686 7887 
7088 8634 4548 3855 7485 6372 898 8055 3534 429 
2064 3250 317 4113 2813 2782 3661 4155 9232 3363 
5991 1119 6252 7988 165 5478 4142 5502 5786 1972 
6054 4397 3693 8037 8400 3726 7376 7670 606 4623 
9665 5009 8468 7059 5852 5648 6751 6129 5338 8322 
82 988 2699 491 3535 8430 2956 4821 4207 9757 
3924 7221 2030 2863 129 1128 4646 4618 3306 5245 
3734 3204 8672 7916 5870 2697 966 2179 2842 9083 
2666 1138 393 836 6991 6572 2073 5959 1608 2814 
7008 2932 4003 7996 777 7178 2592 9607 8009 7222 
7549 987 5278 5498 5503 5476 819 4889 3535 3760 
3330 9711 7759 8895 7255 5710 9191 3480 3836 9859 
5168 9382 4950 8134 1979 8431 9691 8720 6671 692 
8047 3607 6878 1124 9706 5589 9107 3580 7095 711 
9867 1049 5211 7505 845 5342 4816 8751 3862 2881 
9390 3574 7717 9807 6597 2072 5504 1472 1017 7095 
3569 9397 5530 6865 4017 974 5182 4313 9632 1128 
8974 7366 9342 1812 7114 3861 5528 5906 8649 9738 
5602 4876 1842 1076 6221 8671 9328 926 5190 9492 
8917 4865 59 4750 8558 6951 1402 7531 2639 7546 
8520 6269 1499 1483 4987 5427 6545 8415 8821 5712 
5478 6052 3581 3293 76 7249 9212 6682 6396 5131 
960 5455 5941 3 9392 3297 1296 5741 1901 9969 
1519 3324 3201 3870 7954 4969 2888 6170 9206 5763 
5751 9690 1851 9856 9245 6023 4288 6945 7460 466 
2092 7043 8020 117 3404 5170 5941 5748 9860 8280 
1838 3634 4020 51 3727 9439 825 9813 6583 4511 
5020 4517 1315 134 7227 6291 3828 2480 3506 760 
9276 3501 5782 7515 5204 985 6702 5520 3629 8186 
3534 8652 2737 5474 8705 6244 5765 3333 770 1074 
7470 9876 7175 9449 2540 2567 2363 592 8903 9866 
2582 4074 1301 6222 8508 5223 9302 3536 2655 4291 
7964 6295 305 1228 9146 4727 7210 8785 2023 6946 
7329 1653 4911 494 2475 9491 5191 130 8462 1628 
8635 90 4001 7276 9477 106 4130 7866 5404 5950 
19 4206 103 1584 9618 1005 5052 2451 3971 703 
7194 2716 5756 7954 9519 9297 3629 6247 5047 4394 
8921 4490 1410 9139 102 6544 7264 931 2909 9513 
4987 7175 6494 308 865 8728 7684 2962 3677 795 
9856 6642 1329 695 3813 3676 2498 4193 3919 3769 
8416 9155 8192 6671 8593 5339 9993 411 4025 7775 
1377 3591 5559 2031 789 8491 4079 8563 3532 511 
5039 6515 1654 9743 3217 1765 5649 5447 5452 8865 
2871 3310 1815 5377 3239 591 8187 1828 6062 3233 
4324 5778 194 5673 8036 4233 5771 6518 8932 309 
3150 7562 9480 2463 9927 9736 1117 12 5507 8344 
8145 6182 2408 3112 5343 2633 3057 3357 3734 7923 
4233 6199 2918 46 3827 9074 2854 8218 2900 6152 
8948 6867 9774 8724 1786 8866 1913 9746 921 5375 
400 4195 6597 3076 5894 7644 8877 8045 8899 9229 
2709 2940 6526 7135 6882 8873 9849 3079 2993 7126 
580 8599 6324 1920 6863 6788 1274 3265 6303 9842 
2490 6531 5452 8011 1020 5199 9429 9982 196 9972 
4448 260 9211 7955 3842 6910 1676 6198 6535 5739 
3032 3233 8255 2118 9239 5648 9925 6443 4236 2256 
5901 3754 3411 2043 7130 9780 2329 8587 8857 1059 
4984 4591 4813 5046 3454 5435 9976 7337 2585 9737 
7378 9299 2289 6302 5497 8233 6418 5896 1030 8112 
6932 8243 3928 8704 2825 923 6447 1811 1074 7451 
1606 3821 5118 9124 7358 5654 944 5993 2340 1202 
7260 247 126 8434 2222 5330 8471 244 5480 8763 
276 7077 950 2334 7250 6630 782 6055 6526 492 
8713 1684 4369 6017 8825 6070 1350 905 1303 1121 
5674 4623 6474 1859 8398 5581 9813 913 8683 8442 
9485 4781 7380 8126 7221 4388 7985 9474 4969 5956 
8253 7122 9428 490 8317 5188 5486 425 5674 5938 
7589 3047 9758 9762 438 9905 2168 7320 1432 191 
1131 3169 3622 1682 8329 7392 2535 2602 1767 8438 
5660 5060 1102 586 2517 321 4622 7816 5136 9810 
1022 2726 5263 2462 116 5281 4276 4406 4589 7846 
4572 1344 826 5388 5622 7343 4728 8751 9167 244 
2762 3784 875 5870 9477 4503 8849 3404 9400 5155 
5187 6627 4613 5928 2601 540 6369 2687 5417 6453 
3108 4315 8309 3495 2492 1455 6194 2967 357 6478 
7824 1238 3453 9546 5994 7731 583 8926 4380 3409 
8959 9559 92 5843 9268 6989 1687 1651 2631 4879 
1081 7554 5967 6700 2440 7113 9590 9182 9661 5502 
8275 7057 320 6291 5765 2306 863 5849 9432 2866 
7722 2514 5415 9386 3758 3027 6079 1816 1677 2136 
6508 4247 6742 9169 2178 333 1702 634 7322 4317 
4491 297 6215 5485 9889 3408 8724 6771 5131 5859 
5644 5016 5599 5619 2485 6158 3838 2489 7785 5630 
7230 8830 9187 1194 103 3319 7715 6609 2454 4878 
9566 6560 7809 4875 757 3302 2184 4481 4751 1760 
2724 517 9014 3539 6943 3386 4476 7593 7135 1208 
9271 8818 1104 9179 1424 6683 9805 7975 9748 9084 
651 1928 8837 5996 1554 6472 7776 3007 9449 4378 
6139 6655 3725 5604 2411 4872 2173 2153 9103 6541 
5813 5556 6189 1721 4486 1105 7927 3456 5886 821 
6170 5028 9577 862 6659 1763 3443 3524 6397 7037 
4424 575 9211 4595 9979 642 4382 7131 4767 8357 
1620 4848 6613 993 3278 422 5267 7989 3037 7612 
6861 501 7752 1546 4419 6050 2252 1146 1591 9972 
3680 5699 9193 6355 4211 2496 5281 4246 8021 1583 
9768 6178 7359 421 2755 7508 3647 7006 2172 6234 
4804 1571 1247 8940 5587 8804 2815 7032 804 5493 
5571 5275 4700 1558 1056 2667 39 1465 6579 7105 
7905 6840 8235 7668 1938 6511 1425 1424 4100 1509 
6822 5238 2258 5640 9367 1149 5631 7942 9663 4358 
8303 2904 6665 77 534 1833 2528 5307 9307 4036 
1654 1369 8713 4891 3229 6367 9890 2324 3141 9434 
9536 8590 6243 4411 1882 5425 9594 4348 8655 8787 
9672 6302 2178 8567 8208 2047 3522 5489 9183 8999 
9188 9092 509 9425 2719 4316 4435 3270 3652 1367 
1283 3588 3528 3069 7784 8958 1872 5137 1227 9982 
7176 4976 2286 9670 4976 8343 5113 1955 6787 4689 
672 7746 1637 1725 4061 2845 856 8046 9727 8046 
2859 9244 3374 2036 544 4647 953 5539 2904 4988 
2750 8694 6974 753 2582 5936 204 9050 2555 8991 
1038 4462 2422 6546 5761 6323 313 4257 903 7493 
8214 2731 8475 7430 5370 8957 3531 8912 8826 1150 
5734 838 1192 3608 4644 5049 2786 7952 1084 8357 
9239 3607 214 6043 9574 313 9566 4586 1350 9378 
2753 7447 92 2432 8168 2843 3100 1188 3150 1051 
31 6482 8015 8739 2396 8456 8799 6428 4230 1868 
3476 429 3603 9597 641 5469 6997 1468 1135 2998 
6054 8451 8106 3813 804 8515 166 4206 3063 5804 
8717 7741 5835 6965 9830 2679 2399 1307 130 2607 
6280 1622 1590 6708 3666 2775 9152 3271 2485 3790 
6489 9947 944 4073 3718 9429 3780 7846 4714 8931 
3215 1689 9851 3497 8628 169 3855 998 5124 3012 
7699 1653 7579 2995 4231 1520 1433 761 4730 2126 
8747 9525 1342 5005 4837 310 2600 1643 7471 6414 
6710 6670 7449 5711 9837 9796 92 9138 589 4932 
7535 7735 1507 6947 3331 5767 9356 3619 7563 8421 
7217 6422 1403 8163 8724 4080 6236 5504 4180 9034 
3800 4415 7840 6083 3017 4643 8870 8657 4425 4662 
6455 9477 6645 3609 8473 5581 4899 3670 920 4579 
5053 5249 6842 4498 4697 7533 4957 3208 4534 4474 
7136 1671 5253 3004 3403 2054 7873 1816 7131 4405 
6653 6295 4126 8270 4793 5469 9271 9574 8145 563 
2287 8402 354 3104 5417 791 1464 9398 6095 8218 
297 9001 1054 9558 1736 8875 2411 8699 7320 5746 
5856 835 6941 442 9511 4433 5024 2311 4930 659 
5023 4403 9093 8918 1870 3062 9153 7128 3646 6420 
7309 3032 8424 4064 8067 6505 5143 9550 9556 9302 
4335 4437 2009 7504 9997 8259 1783 6259 1085 1291 
7006 2343 3922 8378 4206 7585 7526 2632 9639 8521 
6926 793 8011 8311 9560 6003 6962 7607 8148 2042 
1386 155 8140 7190 5417 5888 9522 7654 49 9800 
8468 1038 3038 7302 6910 8892 9439 2601 8893 5721 
894 7039 4155 9914 2894 4267 8860 6438 9024 4834 
1652 7634 4354 1327 1042 200 3157 9254 3293 8887 
9433 2773 9946 1507 2759 4886 6535 8013 3818 3953 
3575 6621 939 302 4667 3467 1272 169 297 814 
7425 5422 2939 1788 7070 2276 9046 8719 48 8758 
469 7913 275 9708 2274 446 7820 9352 2369 1008 
9557 1532 4841 4040 8626 8057 7904 9552 2351 723 
8322 5406 3624 5552 4109 298 1732 8047 2507 2192 
9103 5141 6813 1441 6611 9490 4689 8164 2274 4578 
8048 3626 9171 2848 583 9967 4854 5141 1999 1292 
4326 2798 7771 9082 4618 7756 6766 1393 7863 5716 
9606 4062 9030 2871 2265 4323 8717 9548 7498 3496 
9277 7736 9688 2831 7464 5680 9524 2357 9180 2517 
3020 6004 4817 2671 3961 8806 3675 9157 6161 7733 
7115 1415 7162 9149 3448 5423 8076 7714 1286 7836 
7186 4430 8545 3902 2221 4451 8440 4800 3924 8878 
8920 9294 107 5916 1492 9960 9951 9079 6382 6015 
9580 1641 389 2205 5211 162 9995 4897 9116 7812 
1201 7015 2427 5338 4625 4230 8050 2521 6951 7283 
2363 6367 9054 2820 4800 8616 4019 7502 482 9712 
2888 8287 3490 2946 1415 280 5278 1903 1008 8994 
8443 3467 8113 9122 5676 5345 8626 1415 9853 4598 
7162 1887 782 9579 4753 8810 1919 9052 802 4390 
5781 4709 1804 8729 9270 4645 9015 4861 1462 5434 
3294 566 703 5324 5564 6895 9430 9526 8871 2355 
4880 6878 8452 8903 7249 4582 1877 9556 3564 3147 
9750 8466 7452 1371 7728 944 5133 1988 8647 2641 
6168 8983 2167 2768 1434 1130 3142 7492 5248 4077 
3253 1758 5168 949 4489 1247 4983 6164 3744 1223 
7371 7434 8290 7528 3420 5909 2054 2105 2028 2227 
6157 4150 7703 9880 9983 1253 609 4331 2705 2035 
9195 3371 3344 4717 2082 4687 7981 7915 3700 4346 
1396 2998 5311 2189 1194 4443 8472 3879 6594 4615 
8437 4136 9052 6930 7112 1235 4492 1960 5736 7073 
2130 8242 4765 2738 8187 2100 3928 5727 3060 8671 
3677 9371 7318 3446 1214 9640 9410 9214 341 9829 
6841 5967 6461 757 6329 9079 8637 3403 9776 2430 
131 2849 1230 9956 2105 9624 5387 3974 615 2858 
2530 5567 1781 5115 9945 3995 4234 4734 7518 6855 
4902 1764 3439 4964 5848 1247 2182 4203 8605 8308 
1615 3994 4406 1663 2488 7052 1060 1281 1060 2199 
9747 8916 8971 5823 3056 4367 7154 9880 8344 3812 
562 2889 7039 4823 728 6955 5786 3114 1913 3088 
2393 9507 4495 7617 292 6719 3972 7536 3361 2719 
3305 4700 6799 3489 1780 8707 1443 9946 5013 3634 
9660 2063 8435 3975 6853 7074 4183 9079 2630 713 
2660 9484 1591 8747 6674 3318 7811 4580 7062 4723 
5797 2024 2783 9849 9569 4420 2528 4719 8753 7696 
8213 7660 2490 2656 5172 5223 8011 6282 5057 8173 
2818 7106 8093 3554 1259 9088 4204 5006 181 2259 
9058 9320 7123 4159 4106 5233 5884 882 8019 9719 
8319 7893 8599 1370 390 1838 4856 1548 4150 6082 
8506 8689 2657 7447 4279 8485 2648 4647 5715 781 
7488 8592 7901 9173 543 3081 4334 4649 3571 3487 
2737 3119 7840 7838 9839 9170 6068 2987 8789 7738 
937 9614 2437 566 8582 5741 1398 6667 4274 2307 
8841 4998 2678 3615 2713 5917 6158 4105 398 2308 
2060 4079 6974 1020 9480 8142 3840 8405 4408 8524 
9391 9732 9144 9602 1735 5232 7127 5960 9343 6183 
5742 4520 2962 3917 2669 3988 4572 2820 51 9171 
8222 7975 2457 806 1774 6240 8348 3033 6959 7354 
8934 7957 6056 1904 3128 7907 9555 3444 3590 8283 
1860 2412 4383 554 7108 5943 2727 4530 6745 4126 
7810 6827 5364 4725 3855 3815 7670 9520 9167 8820 
7951 9394 6802 2954 8821 5553 7740 6932 5758 7606 
4888 2411 4587 6304 1129 1534 3345 7208 5017 1342 
9748 7343 6448 6998 9809 7635 8243 2455 4825 5856 
390 7313 3014 996 7231 9375 7627 3403 4297 8617 
3484 1337 6513 5996 7975 5862 961 1095 1693 803 
8535 1036 5873 2571 4529 7767 3244 628 5031 4170 
6027 2949 964 6598 4326 1298 4946 8215 1965 6258 
8498 7175 4496 5409 3797 5682 9643 8082 7050 4553 
8637 540 629 6960 9348 182 5160 8706 1415 3309 
1616 2068 1904 6545 8318 7447 6627 7264 448 4455 
9903 5530 8476 4816 912 2692 6344 1377 2446 9384 
1497 2616 9989 121 5318 7885 2450 948 2601 6219 
727 3121 850 6889 2892 6138 8055 2742 946 2323 
1899 1043 3845 2647 6425 6762 3933 3107 2990 5836 
2897 7563 7745 2793 8169 2235 8480 5576 6302 5593 
8216 9079 9232 325 3600 8716 2227 2018 3795 7961 
6359 4222 1960 3614 3779 2445 3200 6409 4382 8548 
9243 9368 8969 2113 7831 1695 2076 3208 86 4821 
8443 1129 858 4217 6549 6541 9040 4722 9466 8222 
8983 5476 662 4486 7051 7646 7261 4256 9314 8016 
4821 3211 531 1609 7307 5245 8734 4095 435 8388 
4123 2216 2511 5800 243 821 6427 5980 149 5839 
9619 9539 6006 5449 4610 7087 9800 1749 664 4404 
2310 3202 6999 2123 9817 5715 4394 3987 6010 1115 
2321 8483 2741 7541 1854 6346 294 1040 1878 3894 
6946 2167 4452 4403 6212 6910 480 2492 9459 1512 
5143 861 7949 374 6423 3209 2915 6922 6201 151 
8544 8697 2924 423 4550 4831 7146 1043 1703 7229 
9177 544 4813 7309 3296 9972 1142 1766 7843 5265 
9024 6907 7646 2015 8717 2541 7786 1193 6147 3521 
1790 3389 1523 3564 2838 3639 7155 1323 5112 1415 
8234 4864 7273 6846 3368 3334 5771 5912 4528 9941 
3665 1764 7619 8353 5697 5839 617 9837 3748 3277 
3726 9373 3629 4697 2167 8393 6371 7205 1952 6221 
7725 2554 3060 5645 7945 8243 1384 4534 1449 9429 
6324 5568 5963 5846 8767 6223 2628 3167 7270 9609 
7272 6668 1944 6258 2680 3952 3809 9075 2312 8757 
7745 985 4268 5633 9785 6265 1246 2148 2129 9105 
4127 1710 3177 8890 9096 3741 9210 9257 4827 3140 
9607 8373 6635 5032 3078 5876 7509 4244 2725 2126 
4649 3468 3930 7554 6585 7262 7148 1015 5340 3604 
7575 7050 3855 2902 3488 1927 4362 9757 8326 8995 
9435 7346 8401 9590 8321 8693 9754 6150 7334 9434 
2374 3246 8585 9245 3311 6333 6376 4694 7473 4523 
3511 5336 4798 8583 9247 3923 6223 9035 8710 2905 
3512 3937 9462 8830 4023 7887 6237 4712 8088 9197 
6273 1078 392 6968 1790 1053 7316 3870 2845 1518 
8797 5754 5570 5203 5834 8746 9986 9624 4314 3803 
3231 3430 6037 2678 5714 7098 2813 4388 8948 6101 
3174 6173 8825 5052 7583 9214 9305 7936 9901 5833 
9692 3656 2627 8358 4546 8042 9727 4424 8924 8665 
979 2730 1514 8487 3919 4760 9906 8940 1624 1449 
6746 1871 1447 9194 7490 257 4128 5543 7217 4569 
2909 3202 4346 6809 7143 6886 4122 8432 7905 276 
6145 3929 9585 4428 6971 433 1643 6025 6218 7814 
7899 8371 9570 7034 9999 8504 9744 2423 5087 2292 
6328 6332 4714 9292 8298 7030 1438 8523 5135 2570 
8355 7060 7078 8702 2885 6294 966 4263 9469 6285 
3231 7421 8059 7333 3697 9915 9121 9290 9976 4595 
6895 2475 131 1743 2070 9180 8735 8961 1675 8683 
9045 4587 7467 5226 2701 9739 9461 6955 7086 7662 
7945 7722 1587 1014 5067 3268 6699 4822 851 4693 
8892 1770 196 9167 901 5699 7142 9702 3167 7216 
5459 6841 5056 5624 7963 7259 28 7044 357 1471 
3511 202 8242 9362 7452 4883 7823 6530 1171 8382 
1687 7645 6946 6798 146 5396 1971 7262 4095 7518 
5342 9189 6361 4329 1507 4645 1929 6235 9398 5949 
1143 5958 9767 5150 9582 1354 1692 6778 2572 1269 
2958 4888 2258 3238 4413 6804 8590 7071 8945 3780 
6259 4104 3214 5478 306 2383 9026 1061 5207 6765 
7327 4138 6898 1445 3328 4078 9776 6134 8505 4718 
6133 4960 4623 5303 9272 1939 7249 9921 7228 514 
6274 4952 167 1383 6324 1605 2928 9440 3491 1932 
6074 9335 8059 5439 5431 671 5206 4079 7323 3162 
710 2626 5615 6216 7068 7984 8061 9689 2306 1591 
9007 3044 3595 3247 9215 9952 3589 1256 2570 7743 
744 847 7046 795 8910 8688 1420 1416 3503 9541 
4868 5017 9895 7308 7245 8351 854 1302 2005 7772 
1157 8620 6043 9094 2960 2492 7966 3223 3076 1506 
7762 144 8294 5026 143 14 8781 9585 9861 4661 
1469 2067 3264 6121 3233 1294 8163 4875 6628 3390 
7956 6992 444 9011 4821 6686 9476 2820 5018 2399 
5845 7798 3996 8920 5248 3288 9753 5092 1402 8566 
2181 6441 6244 1309 8881 6588 5142 3390 3558 3440 
776 140 9486 7033 3549 6847 624 7551 2716 6363 
150 206 956 2810 5116 4778 4635 1302 5303 3968 
7163 1795 8032 2776 218 2057 5996 7638 4812 8735 
409 9952 4519 4914 2487 3770 2555 1206 2080 4893 
1660 372 7461 6134 4413 3169 5623 5178 3019 9455 
719 9303 9795 2508 4331 5590 3185 7768 9717 1325 
6550 1973 2113 5617 2149 1927 4002 1768 8698 8218 
5626 2108 6759 1091 9021 1516 9405 63 7728 5549 
8035 1655 4500 1341 4214 197 9033 7112 9709 3072 
4928 9107 1656 7363 1473 1430 4325 2269 1653 2839 
414 9057 3041 2785 9058 8573 7200 8004 7646 8647 
1084 7109 7688 9588 7529 5862 168 4610 7566 2561 
7412 821 1185 4622 3942 7279 5517 2899 4172 3608 
9938 8971 8923 1886 3370 7071 4801 1429 7651 1969 
3910 7695 8206 3000 6750 4119 5155 8358 9870 3944 
6831 6725 6808 4586 7275 9071 1236 8588 442 9517 
8557 5245 9839 4967 3302 2564 2376 2971 9671 5232 
27 8921 7064 9802 8923 9258 7496 7703 9703 1536 
1306 9737 3615 1657 4653 180 6324 7165 2551 1198 
267 9863 4749 5888 9758 8977 5793 7433 5567 8599 
2169 6258 1914 9246 1592 5612 9574 6797 8619 3925 
8199 5273 4722 3130 6931 1775 8153 7207 2318 8251 
5569 5177 7381 4165 1440 3268 9892 8267 4722 2144 
6052 185 3099 8062 7125 197 2922 7529 6771 7 
235 6168 9592 5429 9241 5247 9358 5629 6189 8693 
4479 6364 872 9345 443 4380 554 942 1589 3834 
1420 6221 6779 1156 1360 2457 5184 7569 7698 277 
3079 6475 1531 3538 3534 7000 3603 573 2181 4119 
6832 757 2105 9941 3647 3722 6066 4431 718 8689 
1765 1073 3683 1780 4902 3197 2205 6838 7054 7144 
4341 948 2789 494 5584 2135 6893 5062 8932 8230 
2491 8079 3748 3993 2801 9498 3082 5336 8668 7026 
1520 225 3384 4822 6076 8105 9723 4871 3685 1578 
1253 3116 3014 362 9618 4995 2094 5484 3593 3826 
4544 2608 5716 4219 2542 9493 2940 3214 3838 3423 
1408 7929 374 9924 8290 2219 8649 7552 8974 1270 
9213 6344 6888 4530 8584 8507 5313 4558 120 3940 
6773 5249 7804 2701 117 4879 9650 110 7852 4135 
8717 2323 6223 1401 34 2251 5974 3589 2256 7309 
7858 9342 889 133 6394 5870 8529 475 6662 2259 
6979 5972 9687 4807 9594 3635 3185 8973 7379 120 
7910 9735 7196 6728 7664 3909 9801 1165 6586 9383 
8883 8020 91 9780 4605 5764 8721 243 7477 1758 
5174 3127 7826 2064 3505 6951 8432 7716 3532 9339 
2582 950 2574 4995 5968 850 2180 9953 8190 4923 
816 6903 1288 7321 6158 4587 3084 2554 9503 2263 
5622 6872 1508 8604 4362 5899 5625 5719 3841 1446 
7515 1388 4174 4364 7495 7839 5340 9941 5793 5345 
8342 44 4846 8487 226 1056 4510 6615 1515 1690 
5337 684 8505 7342 9877 6808 8687 1002 6769 7033 
2017 3691 5810 8164 5104 79 8775 6190 6836 8566 
8986 5178 5973 546 406 2316 1109 9533 4576 2076 
9485 4249 7747 743 7011 2066 8140 6495 741 8176 
350 3330 7109 9945 8371 232 4112 4227 5681 230 
9228 4743 2676 2079 8046 4577 8141 8330 6374 6868 
4471 2319 9976 8394 5841 3547 4951 8937 2333 1284 
4671 5697 2517 6230 2895 7746 292 8443 4770 6971 
3224 4377 9545 1789 8834 917 9526 7278 5959 9333 
7399 1721 6055 339 2765 34 423 4350 7001 2359 
541 4075 2306 4083 7976 9768 1157 9948 6041 9649 
4185 2732 9682 827 4269 4268 4761 4734 6385 1836 
8920 48 3774 5712 7269 3852 435 6309 4089 1394 
3277 6609 8623 7128 1089 647 5692 734 2073 2794 
3653 8126 8986 4969 1953 4706 926 2457 2012 8080 
6562 9616 2356 2305 4942 9453 4644 4991 6076 774 
9131 5404 615 4281 5032 7743 882 7012 4948 2266 
4145 2783 2716 5223 1096 7351 4234 7937 7279 6454 
1807 1438 1774 3886 991 9930 1083 8277 4985 3727 
4413 9529 6961 1664 5083 5044 5851 2437 9814 8155 
